  3 28 28 39.78 43.12 44.65 28568 0.00 0.00 0.00     0 39.22 42.81 44.37 14709  3928 0.081
  3 28 28 39.78 43.12 44.65 28568 0.00 0.00 0.00     0 39.22 42.81 44.37 14709  3928 0.075
  3 28 28 39.78 43.12 44.65 28568 0.00 0.00 0.00     0 39.22 42.81 44.37 14709  3928 0.079
300 28 28 39.80 43.12 44.65 28568 0.00 0.00 0.00     0 39.38 42.27 43.27  6438  3337 0.098
300 28 28 39.80 43.12 44.65 28568 0.00 0.00 0.00     0 39.38 42.27 43.27  6438  3337 0.103
300 28 28 39.80 43.12 44.65 28568 0.00 0.00 0.00     0 39.38 42.27 43.27  6438  3337 0.093
300 28 28 39.80 43.12 44.65 28568 0.00 0.00 0.00     0 39.38 42.27 43.27  6438  3337 0.101
300 28 28 39.80 43.12 44.65 28568 0.00 0.00 0.00     0 39.38 42.27 43.27  6438  3337 0.100
300 28 28 39.80 43.12 44.65 28568 0.00 0.00 0.00     0 39.38 42.27 43.27  6438  3337 0.097
300 28 28 39.80 43.12 44.65 28568 0.00 0.00 0.00     0 39.38 42.27 43.27  6438  3337 0.097
300 28 28 39.80 43.12 44.65 28568 0.00 0.00 0.00     0 39.38 42.27 43.27  6438  3337 0.098
300 28 28 39.80 43.12 44.65 28568 0.00 0.00 0.00     0 39.38 42.27 43.27  6438  3337 0.098
300 28 28 39.80 43.12 44.65 28568 0.00 0.00 0.00     0 39.38 42.27 43.27  6438  3337 0.099
300 28 28 39.80 43.12 44.65 28568 0.00 0.00 0.00     0 39.83 42.91 43.91  6444  1095 0.094
300 28 28 39.80 43.12 44.65 28568 0.00 0.00 0.00     0 39.83 42.91 43.91  6444  1095 0.106
300 28 28 39.80 43.12 44.65 28568 0.00 0.00 0.00     0 39.83 42.91 43.91  6444  1095 0.091
300 28 28 39.80 43.12 44.65 28568 0.00 0.00 0.00     0 39.83 42.91 43.91  6444  1095 0.091
300 28 28 39.80 43.12 44.65 28568 0.00 0.00 0.00     0 39.83 42.91 43.91  6444  1095 0.091
300 28 28 39.80 43.12 44.65 28568 0.00 0.00 0.00     0 39.83 42.91 43.91  6444  1095 0.091
300 28 28 39.80 43.12 44.65 28568 0.00 0.00 0.00     0 39.83 42.91 43.91  6444  1095 0.093
300 28 28 39.80 43.12 44.65 28568 0.00 0.00 0.00     0 39.83 42.91 43.91  6444  1095 0.091
300 28 28 39.80 43.12 44.65 28568 0.00 0.00 0.00     0 39.83 42.91 43.91  6444  1095 0.106
300 28 28 39.80 43.12 44.65 28568 0.00 0.00 0.00     0 39.83 42.91 43.91  6444  1095 0.103
300 28 28 39.80 43.12 44.65 28568 0.00 0.00 0.00     0 39.83 42.91 43.91  6444  1095 0.099
300 28 28 39.80 43.12 44.65 28568 0.00 0.00 0.00     0 39.83 42.91 43.91  6444  1095 0.092
300 28 28 39.80 43.12 44.65 28568 0.00 0.00 0.00     0 39.83 42.91 43.91  6444  1095 0.098
300 28 28 39.80 43.12 44.65 28568 0.00 0.00 0.00     0 39.83 42.91 43.91  6444  1095 0.098
300 28 28 39.80 43.12 44.65 28568 0.00 0.00 0.00     0 39.83 42.91 43.91  6444  1095 0.100
300 28 28 39.80 43.12 44.65 28568 0.00 0.00 0.00     0 39.83 42.91 43.91  6444  1095 0.094
300 28 28 39.80 43.12 44.65 28568 0.00 0.00 0.00     0 39.83 42.91 43.91  6444  1095 0.093
300 28 28 39.80 43.12 44.65 28568 0.00 0.00 0.00     0 39.83 42.91 43.91  6444  1095 0.126
300 28 28 39.80 43.12 44.65 28568 0.00 0.00 0.00     0 39.83 42.91 43.91  6444  1095 0.128
300 28 28 39.80 43.12 44.65 28568 0.00 0.00 0.00     0 39.83 42.91 43.91  6444  1095 0.133
300 28 28 39.80 43.12 44.65 28568 0.00 0.00 0.00     0 39.83 42.91 43.91  6444  1095 0.150
300 28 28 39.80 43.12 44.65 28568 0.00 0.00 0.00     0 39.83 42.91 43.91  6444  1095 0.144
300 28 28 39.80 43.12 44.65 28568 0.00 0.00 0.00     0 39.83 42.91 43.91  6444  1095 0.151
300 28 28 41.63 43.30 44.51 23640 0.00 0.00 0.00     0 49.83 50.73 51.05  6457   784 0.113
300 28 28 39.80 43.12 44.65 28568 0.00 0.00 0.00     0 39.83 42.91 43.91  6444  1095 0.135
300 28 28 41.63 43.30 44.51 23640 0.00 0.00 0.00     0 49.83 50.73 51.05  6457   784 0.106
300 28 28 41.63 43.30 44.51 23640 0.00 0.00 0.00     0 50.22 51.00 51.31  7255  1009 0.092
300 28 28 41.63 43.30 44.51 23640 0.00 0.00 0.00     0 50.22 51.00 51.31  7255  1009 0.087
300 28 28 41.63 43.30 44.51 23640 0.00 0.00 0.00     0 50.22 51.00 51.31  7255  1009 0.089
300 28 28 41.63 43.30 44.51 23640 0.00 0.00 0.00     0 50.22 51.00 51.31  7255  1009 0.089
300 28 28 39.80 43.12 44.65 28568 0.00 0.00 0.00     0 40.50 43.33 44.40  7260  1305 0.098
300 28 28 39.80 43.12 44.65 28568 0.00 0.00 0.00     0 40.50 43.33 44.40  7260  1305 0.099
300 28 28 39.80 43.12 44.65 28568 0.00 0.00 0.00     0 40.50 43.33 44.40  7260  1305 0.098
300 28 28 39.80 43.12 44.65 28568 0.00 0.00 0.00     0 40.50 43.33 44.40  7260  1305 0.098
300 28 28 39.80 43.12 44.65 28568 0.00 0.00 0.00     0 40.50 43.33 44.40  7260  1305 0.121
300 28 28 39.80 43.12 44.65 28568 0.00 0.00 0.00     0 40.50 43.33 44.40  7260  1305 0.101
300 28 28 39.80 43.12 44.65 28568 0.00 0.00 0.00     0 40.50 43.33 44.40  7260  1305 0.099
300 28 28 39.80 43.12 44.65 28568 0.00 0.00 0.00     0 40.50 43.33 44.40  7260  1305 0.099
300 28 28 39.80 43.12 44.65 28568 0.00 0.00 0.00     0 40.50 43.33 44.40  7260  1305 0.100
300 28 28 39.80 43.12 44.65 28568 0.00 0.00 0.00     0 40.50 43.33 44.40  7260  1305 0.101
300 28 28 39.80 43.12 44.65 28568 0.00 0.00 0.00     0 40.50 43.33 44.40  7260  1305 0.098
300 28 28 39.80 43.12 44.65 28568 0.00 0.00 0.00     0 40.50 43.33 44.40  7260  1305 0.104
300 28 28 39.80 43.12 44.65 28568 0.00 0.00 0.00     0 40.50 43.33 44.40  7260  1305 0.099
300 28 28 41.63 43.30 44.51 23640 0.00 0.00 0.00     0 50.22 51.00 51.31  7255  1009 0.088
300 28 28 41.63 43.30 44.51 23640 0.00 0.00 0.00     0 50.22 51.00 51.31  7255  1009 0.089
300 28 28 41.63 43.30 44.51 23640 0.00 0.00 0.00     0 50.22 51.00 51.31  7255  1009 0.089
300 28 28 41.63 43.30 44.51 23640 0.00 0.00 0.00     0 50.22 51.00 51.31  7255  1009 0.089
300 28 28 41.63 43.30 44.51 23640 0.00 0.00 0.00     0 50.22 51.00 51.31  7255  1009 0.091
300 28 28 41.63 43.30 44.51 23640 0.00 0.00 0.00     0 50.22 51.00 51.31  7255  1009 0.094
300 28 28 41.63 43.30 44.51 23640 0.00 0.00 0.00     0 50.22 51.00 51.31  7255  1009 0.088
300 28 28 41.63 43.30 44.51 23640 0.00 0.00 0.00     0 50.22 51.00 51.31  7255  1009 0.088
300 28 28 41.63 43.30 44.51 23640 0.00 0.00 0.00     0 50.22 51.00 51.31  7255  1009 0.095
300 28 28 41.63 43.30 44.51 23640 0.00 0.00 0.00     0 50.22 51.00 51.31  7255  1009 0.088
