Setting Default Parameters...
Parsing Configfile decoder.cfg
...............
Parsing Configfile decoder.cfg...............

----------------------------- JM 19.0 (FRExt) -----------------------------
--------------------------------------------------------------------------
 Input H.264 bitstream                  : test.264 
 Output decoded YUV                     : test_dec.yuv 
 Input reference file                   : /home/gx2001/Desktop/Polymesa_ask3/foreman_qcif.yuv 
--------------------------------------------------------------------------
Profile IDC  : 100
Image Format : 176x144 (176x144)
Color Format : 4:2:0 (8:8:8)
--------------------------------------------------------------------------
POC must = frame# or field# for SNRs to be correct
--------------------------------------------------------------------------
  Frame          POC  Pic#   QP    SnrY     SnrU     SnrV   Y:U:V Time(ms)
--------------------------------------------------------------------------
00000(IDR)        0     0    25  39.8012  43.1209  44.6460  4:2:0       8
00002( P )        4     1    25  39.4197  43.0094  44.4253  4:2:0       4
00001( b )        2     2    23  40.1080  43.1935  45.0952  4:2:0       2
00004( P )        8     2    24  39.6745  43.0642  44.4200  4:2:0       3
00003( b )        6     3    27  39.0598  42.9473  44.4779  4:2:0       1
00006( P )       12     3    28  38.1618  42.5003  43.2920  4:2:0       2
00005( b )       10     4    22  40.5927  43.6027  45.3290  4:2:0       3
00008( P )       16     4    24  39.7583  42.7431  44.3664  4:2:0       3
00007( b )       14     5    25  39.2547  42.7247  44.3394  4:2:0       2
00010( P )       20     5    26  38.9564  42.3613  44.0037  4:2:0       2
00009( b )       18     6    25  39.4055  42.5355  44.5248  4:2:0       2
00012( P )       24     6    25  39.4440  42.5654  44.4935  4:2:0       3
00011( b )       22     7    25  39.2602  42.5571  44.5479  4:2:0       1
00014( P )       28     7    26  38.6067  42.1246  43.7788  4:2:0       1
00013( b )       26     8    25  38.9609  42.3777  44.2706  4:2:0       1
00016( P )       32     8    26  38.6876  41.9907  43.7562  4:2:0       2
00015( b )       30     9    26  38.6762  42.0955  43.7891  4:2:0       1
00018( P )       36     9    26  38.6052  42.0742  43.9984  4:2:0       2
00017( b )       34    10    25  38.7956  42.1567  44.0418  4:2:0       1
00020( P )       40    10    25  39.2253  42.3049  44.2361  4:2:0       1
00019( b )       38    11    24  39.2886  42.3846  44.2924  4:2:0       0
00022( P )       44    11    25  39.3664  42.2913  44.1355  4:2:0       1
00021( b )       42    12    24  39.3749  42.4980  44.2172  4:2:0       1
00024( P )       48    12    25  39.4444  42.4523  44.0788  4:2:0       1
00023( b )       46    13    24  39.6228  42.4522  44.1607  4:2:0       0
00026( P )       52    13    25  39.4307  42.5189  44.2016  4:2:0       1
00025( b )       50    14    24  39.5419  42.5443  44.4034  4:2:0       0
00028( P )       56    14    24  39.7017  42.7708  44.3991  4:2:0       0
00027( b )       54    15    22  40.4336  43.2502  45.3172  4:2:0       0
00030( P )       60    15    23  40.2071  43.1668  44.8906  4:2:0       1
00029( b )       58     0    22  40.5718  43.3958  45.0680  4:2:0       0
00032( P )       64     0    24  40.0645  42.9796  44.5877  4:2:0       1
00031( b )       62     1    24  39.8941  42.9761  44.5045  4:2:0       0
00034( P )       68     1    24  40.1064  42.9224  44.6762  4:2:0       0
00033( b )       66     2    24  39.9753  42.8572  44.5425  4:2:0       0
00036( P )       72     2    24  40.1500  43.1215  44.5656  4:2:0       1
00035( b )       70     3    24  39.9604  42.8766  44.5004  4:2:0       0
00038( P )       76     3    25  39.8019  42.8838  44.1536  4:2:0       1
00037( b )       74     4    24  39.6915  43.0463  44.3967  4:2:0       0
00040( P )       80     4    24  40.1869  43.0137  44.3254  4:2:0       1
00039( b )       78     5    23  40.0288  43.0073  44.2935  4:2:0       1
00042( P )       84     5    24  40.2513  43.2286  44.4334  4:2:0       1
00041( b )       82     6    23  40.2119  43.2618  44.5777  4:2:0       0
00044( P )       88     6    24  40.3216  43.2519  44.5901  4:2:0       0
00043( b )       86     7    22  40.7692  43.5746  44.9518  4:2:0       0
00046( P )       92     7    24  40.3920  43.1045  44.5470  4:2:0       0
00045( b )       90     8    23  40.3152  43.2741  44.5680  4:2:0       0
00048( P )       96     8    24  40.2621  42.8652  44.4107  4:2:0       0
00047( b )       94     9    24  40.1742  42.9390  44.3598  4:2:0       0
00050( P )      100     9    25  39.8185  42.4973  44.1303  4:2:0       0
00049( b )       98    10    25  39.6675  42.5749  44.1042  4:2:0       0
00052( P )      104    10    26  39.2465  42.1265  43.9434  4:2:0       0
00051( b )      102    11    23  39.9506  42.7188  44.5004  4:2:0       0
00054( P )      108    11    24  39.7421  42.3178  44.2876  4:2:0       0
00053( b )      106    12    25  39.5371  42.2132  44.2848  4:2:0       0
00056( P )      112    12    26  38.9141  41.9250  43.6173  4:2:0       0
00055( b )      110    13    24  39.5589  42.3324  44.1175  4:2:0       0
00058( P )      116    13    25  39.5476  42.3726  44.1908  4:2:0       0
00057( b )      114    14    24  39.5470  42.2850  44.0980  4:2:0       0
00060( P )      120    14    25  39.7199  42.4887  44.0629  4:2:0       0
00059( b )      118    15    24  39.7178  42.4305  44.1023  4:2:0       0
00062( P )      124    15    24  40.1637  42.6206  44.3569  4:2:0       0
00061( b )      122     0    24  39.6072  42.5321  44.0842  4:2:0       0
00064( P )      128     0    25  39.8256  42.6696  44.0858  4:2:0       0
00063( b )      126     1    24  39.9810  42.5713  44.1314  4:2:0       0
00066( P )      132     1    25  39.7748  42.6100  43.8315  4:2:0       0
00065( b )      130     2    24  39.7994  42.6907  43.9319  4:2:0       0
00068( P )      136     2    25  39.7729  42.4666  43.7775  4:2:0       0
00067( b )      134     3    24  39.7938  42.6383  43.9267  4:2:0       0
00070( P )      140     3    25  39.8553  42.5196  43.7703  4:2:0       0
00069( b )      138     4    24  39.8240  42.5415  43.7134  4:2:0       0
00072( P )      144     4    25  39.9215  42.6071  43.9539  4:2:0       0
00071( b )      142     5    24  39.8694  42.8270  44.1759  4:2:0       0
00074( P )      148     5    25  40.0251  42.6368  44.1660  4:2:0       0
00073( b )      146     6    24  40.0647  42.8400  44.3988  4:2:0       0
00076( P )      152     6    25  40.1024  42.4930  44.0694  4:2:0       1
00075( b )      150     7    24  40.0149  42.5845  44.3880  4:2:0       0
00078( P )      156     7    25  39.9834  42.4866  43.7680  4:2:0       0
00077( b )      154     8    25  39.6320  42.4657  43.7198  4:2:0       0
00080( P )      160     8    25  39.7556  42.2453  43.6682  4:2:0       0
00079( b )      158     9    25  39.4667  42.2635  43.5126  4:2:0       0
00082( P )      164     9    26  38.9740  41.6701  43.0386  4:2:0       0
00081( b )      162    10    25  39.2007  42.0446  43.3370  4:2:0       0
00084( P )      168    10    26  38.5660  41.6987  42.8117  4:2:0       0
00083( b )      166    11    26  38.7336  41.8461  43.2419  4:2:0       0
00086( P )      172    11    27  37.9015  41.1981  42.3018  4:2:0       0
00085( b )      170    12    26  38.2042  41.5632  42.8153  4:2:0       0
00088( P )      176    12    26  38.6686  41.6170  42.9061  4:2:0       0
00087( b )      174    13    26  38.1601  41.2940  42.5833  4:2:0       0
00090( P )      180    13    27  38.3016  41.7640  43.0821  4:2:0       0
00089( b )      178    14    25  38.7324  41.8508  43.0763  4:2:0       0
00092( P )      184    14    26  38.9348  42.0847  43.2562  4:2:0       0
00091( b )      182    15    26  38.5597  41.8337  43.4815  4:2:0       0
00094( P )      188    15    27  38.2585  41.7320  43.0143  4:2:0       0
00093( b )      186     0    26  38.6289  41.8912  43.2736  4:2:0       0
00096( P )      192     0    28  37.7215  41.6101  42.5561  4:2:0       0
00095( b )      190     1    25  38.8734  42.2829  43.5513  4:2:0       0
00098( P )      196     1    26  38.8314  42.0518  43.3033  4:2:0       0
00097( b )      194     2    25  38.8983  42.1657  43.6093  4:2:0       0
00100( P )      200     2    25  39.5170  42.3036  43.9513  4:2:0       0
00099( b )      198     3    24  39.4300  42.5797  43.9641  4:2:0       0
00102( P )      204     3    24  40.1837  42.5969  44.1413  4:2:0       0
00101( b )      202     4    23  40.0559  42.7170  44.1105  4:2:0       0
00104( P )      208     4    24  40.4008  42.6626  44.0950  4:2:0       0
00103( b )      206     5    22  40.7495  43.2235  44.5156  4:2:0       0
00106( P )      212     5    22  41.1633  43.5631  45.1726  4:2:0       0
00105( b )      210     6    22  40.9175  43.5273  45.0599  4:2:0       0
00108( P )      216     6    23  40.7822  43.3715  44.8053  4:2:0       0
00107( b )      214     7    19  42.8938  44.8572  46.5400  4:2:0       1
00110( P )      220     7    20  42.4390  44.5416  46.0426  4:2:0       1
00109( b )      218     8    23  41.3393  44.1151  45.5292  4:2:0       0
00112( P )      224     8    24  41.1000  43.8455  45.1931  4:2:0       0
00111( b )      222     9    21  41.8234  44.1075  45.6930  4:2:0       0
00114( P )      228     9    22  41.7790  44.1886  45.6082  4:2:0       1
00113( b )      226    10    22  41.5846  43.9965  45.4704  4:2:0       0
00116( P )      232    10    23  41.1773  43.8711  45.2032  4:2:0       0
00115( b )      230    11    21  41.7118  44.3049  45.7024  4:2:0       0
00118( P )      236    11    22  41.6665  44.1243  45.8159  4:2:0       0
00117( b )      234    12    22  41.5735  44.0000  45.5194  4:2:0       0
00120( P )      240    12    22  41.6692  44.1811  45.6166  4:2:0       0
00119( b )      238    13    22  41.4734  44.1126  45.7161  4:2:0       0
00122( P )      244    13    20  42.6978  44.7404  46.2741  4:2:0       1
00121( b )      242    14    24  41.5514  44.3649  45.8349  4:2:0       0
00124( P )      248    14    24  41.1289  43.6707  45.0949  4:2:0       0
00123( b )      246    15    22  41.5358  44.0780  45.6001  4:2:0       0
00126( P )      252    15    22  41.5706  43.8734  45.1082  4:2:0       0
00125( b )      250     0    24  40.8700  43.7201  45.0182  4:2:0       0
00128( P )      256     0    25  40.1222  43.1107  44.1238  4:2:0       0
00127( b )      254     1    24  40.4227  43.3189  44.5762  4:2:0       0
00130( P )      260     1    25  39.9199  42.6438  43.7947  4:2:0       0
00129( b )      258     2    25  40.0796  42.9504  44.0756  4:2:0       0
00132( P )      264     2    27  38.7440  42.0116  43.0714  4:2:0       0
00131( b )      262     3    24  39.8261  42.5956  43.6879  4:2:0       0
00134( P )      268     3    24  40.0832  42.5763  44.0335  4:2:0       0
00133( b )      266     4    24  39.9311  42.6296  43.9098  4:2:0       0
00136( P )      272     4    25  39.9440  42.4614  44.0127  4:2:0       0
00135( b )      270     5    23  40.2067  42.6455  44.4652  4:2:0       0
00138( P )      276     5    24  40.1225  42.7166  44.4183  4:2:0       0
00137( b )      274     6    26  39.0727  42.3094  43.8982  4:2:0       0
00140( P )      280     6    28  37.9881  42.1415  43.1295  4:2:0       0
00139( b )      278     7    26  38.7372  42.2274  43.7005  4:2:0       0
00142( P )      284     7    28  37.8349  41.9939  43.1222  4:2:0       0
00141( b )      282     8    28  37.5418  41.9568  43.2162  4:2:0       0
00144( P )      288     8    29  37.5944  42.3086  43.0531  4:2:0       0
00143( b )      286     9    25  39.0374  42.7902  44.2269  4:2:0       0
00146( P )      292     9    26  39.3986  42.6173  43.9083  4:2:0       0
00145( b )      290    10    26  39.0184  42.6385  44.0718  4:2:0       0
00148( P )      296    10    27  38.8562  42.7058  43.6423  4:2:0       0
00147( b )      294    11    25  39.7647  42.9519  44.2763  4:2:0       0
00150( P )      300    11    26  39.4559  42.5761  43.7775  4:2:0       0
00149( b )      298    12    25  39.5663  42.8778  44.0204  4:2:0       0
00152( P )      304    12    26  39.5870  42.7528  43.7848  4:2:0       0
00151( b )      302    13    26  39.2815  42.5351  43.9372  4:2:0       0
00154( P )      308    13    27  38.2928  42.0441  42.3329  4:2:0       0
00153( b )      306    14    28  38.0389  42.2543  42.7800  4:2:0       0
00156( P )      312    14    29  37.0869  41.8773  41.5166  4:2:0       0
00155( b )      310    15    28  37.5631  42.0311  42.0468  4:2:0       0
00158( P )      316    15    29  36.9648  40.8724  42.0948  4:2:0       0
00157( b )      314     0    27  37.7681  41.9463  42.7628  4:2:0       0
00160( P )      320     0    27  38.1137  41.4029  42.7922  4:2:0       0
00159( b )      318     1    26  38.1860  41.5987  42.8165  4:2:0       0
00162( P )      324     1    27  38.4412  41.3518  42.6811  4:2:0       0
00161( b )      322     2    26  38.4391  41.6624  43.1075  4:2:0       0
00164( P )      328     2    26  38.9535  41.9308  43.0808  4:2:0       0
00163( b )      326     3    25  39.0043  42.0471  43.1282  4:2:0       0
00166( P )      332     3    26  39.1570  41.8811  43.1659  4:2:0       0
00165( b )      330     4    24  39.4520  42.4629  43.5154  4:2:0       0
00168( P )      336     4    25  39.9813  42.1458  43.6786  4:2:0       1
00167( b )      334     5    25  39.6344  41.9992  43.6533  4:2:0       0
00170( P )      340     5    26  39.2043  42.1051  42.8201  4:2:0       1
00169( b )      338     6    26  39.1826  41.9006  43.2260  4:2:0       0
00172( P )      344     6    27  38.3354  41.3922  42.1157  4:2:0       1
00171( b )      342     7    28  38.0399  41.7648  42.4079  4:2:0       0
00174( P )      348     7    30  36.0475  40.0209  40.7162  4:2:0       0
00173( b )      346     8    28  37.4948  40.6071  41.6707  4:2:0       0
00176( P )      352     8    30  35.9882  39.2188  39.7894  4:2:0       0
00175( b )      350     9    28  36.7785  39.8027  40.4833  4:2:0       0
00178( P )      356     9    30  35.8762  38.7899  39.3161  4:2:0       0
00177( b )      354    10    28  36.9145  39.6087  40.0075  4:2:0       0
00180( P )      360    10    30  36.0942  38.6232  39.1379  4:2:0       0
00179( b )      358    11    28  36.8729  39.1686  39.7260  4:2:0       0
00182( P )      364    11    30  36.2198  38.6910  39.3313  4:2:0       0
00181( b )      362    12    28  36.9745  38.8874  39.5634  4:2:0       0
00184( P )      368    12    30  36.2369  38.9432  39.5934  4:2:0       0
00183( b )      366    13    30  36.2253  38.6344  39.4681  4:2:0       0
00186( P )      372    13    31  35.8330  38.7907  39.5903  4:2:0       0
00185( b )      370    14    28  37.5046  39.1191  39.6757  4:2:0       0
00188( P )      376    14    30  37.0005  39.2673  39.9537  4:2:0       0
00187( b )      374    15    28  37.8624  39.7057  40.1702  4:2:0       0
00190( P )      380    15    30  37.1901  38.9537  39.4180  4:2:0       0
00189( b )      378     0    27  38.4463  39.8350  40.3448  4:2:0       0
00192( P )      384     0    29  37.2176  39.0033  39.8066  4:2:0       0
00191( b )      382     1    29  37.2615  39.2708  39.9270  4:2:0       0
00194( P )      388     1    30  36.4378  38.7573  39.3923  4:2:0       0
00193( b )      386     2    28  37.7550  39.3206  40.0640  4:2:0       0
00196( P )      392     2    30  35.9871  38.8117  39.2736  4:2:0       0
00195( b )      390     3    29  36.3782  39.0147  39.4205  4:2:0       0
00198( P )      396     3    30  36.7454  39.5753  40.0491  4:2:0       0
00197( b )      394     4    28  37.0477  39.5608  40.1798  4:2:0       0
00200( P )      400     4    30  37.2829  40.2302  40.8919  4:2:0       0
00199( b )      398     5    28  37.6491  40.3237  41.0313  4:2:0       0
00202( P )      404     5    28  37.8909  41.7959  42.1751  4:2:0       1
00201( b )      402     6    28  38.0786  41.7462  41.9281  4:2:0       0
00204( P )      408     6    29  37.5534  42.0134  42.5979  4:2:0       0
00203( b )      406     7    28  38.0040  42.5102  43.1097  4:2:0       0
00206( P )      412     7    28  37.8517  41.9917  42.7666  4:2:0       0
00205( b )      410     8    27  38.0924  42.5763  43.3564  4:2:0       0
00208( P )      416     8    28  37.9115  41.9147  42.8590  4:2:0       0
00207( b )      414     9    30  37.5906  42.3976  43.1051  4:2:0       0
00210( P )      420     9    31  35.8390  41.0904  41.6590  4:2:0       0
00209( b )      418    10    26  37.8765  42.3845  42.4814  4:2:0       0
00212( P )      424    10    27  37.1070  41.5962  42.2310  4:2:0       0
00211( b )      422    11    28  37.2497  41.9326  42.5797  4:2:0       0
00214( P )      428    11    29  36.2787  40.8600  41.4981  4:2:0       0
00213( b )      426    12    28  36.6980  41.2523  41.9057  4:2:0       0
00216( P )      432    12    29  35.6690  40.2471  40.6765  4:2:0       1
00215( b )      430    13    28  36.1738  40.7419  41.4665  4:2:0       0
00218( P )      436    13    28  35.4567  40.2381  40.5554  4:2:0       0
00217( b )      434    14    27  36.0743  40.6053  41.0018  4:2:0       0
00220( P )      440    14    28  35.4640  40.0938  40.4038  4:2:0       0
00219( b )      438    15    27  35.7884  40.3105  40.6925  4:2:0       0
00222( P )      444    15    28  35.6252  40.0862  40.3947  4:2:0       0
00221( b )      442     0    27  35.7526  40.1684  40.3624  4:2:0       0
00224( P )      448     0    26  37.2555  40.7779  40.9664  4:2:0       1
00223( b )      446     1    27  36.3860  40.4077  40.5844  4:2:0       0
00226( P )      452     1    28  36.5972  40.4524  40.6706  4:2:0       0
00225( b )      450     2    25  37.6898  40.9363  41.1867  4:2:0       0
00228( P )      456     2    24  38.6813  41.3151  41.6610  4:2:0       1
00227( b )      454     3    27  37.5096  40.9736  41.1608  4:2:0       0
00230( P )      460     3    28  36.7792  40.8711  41.1667  4:2:0       0
00229( b )      458     4    26  37.1886  40.9658  41.1145  4:2:0       0
00232( P )      464     4    24  38.7092  41.5534  41.7926  4:2:0       0
00231( b )      462     5    26  37.3378  41.4446  41.5257  4:2:0       0
00234( P )      468     5    24  39.0113  41.7322  41.7980  4:2:0       0
00233( b )      466     6    25  38.0628  41.5791  41.7091  4:2:0       0
00236( P )      472     6    22  40.2928  42.3995  42.7149  4:2:0       1
00235( b )      470     7    25  38.9023  41.8542  42.2273  4:2:0       0
00238( P )      476     7    25  38.8966  41.8012  42.0153  4:2:0       0
00237( b )      474     8    24  39.2459  41.9086  42.2044  4:2:0       0
00240( P )      480     8    22  40.2866  42.4984  42.7530  4:2:0       0
00239( b )      478     9    25  38.9684  41.7552  42.0051  4:2:0       0
00242( P )      484     9    24  39.2723  41.9845  42.3383  4:2:0       0
00241( b )      482    10    24  39.0713  41.8090  41.9121  4:2:0       0
00244( P )      488    10    22  40.3662  42.4980  42.8846  4:2:0       0
00243( b )      486    11    25  39.3044  41.7026  42.2292  4:2:0       0
00246( P )      492    11    24  39.4071  41.9524  42.4368  4:2:0       0
00245( b )      490    12    24  38.9797  41.8548  42.2454  4:2:0       0
00248( P )      496    12    21  40.7472  42.8799  43.3493  4:2:0       1
00247( b )      494    13    25  39.2477  42.2431  42.6595  4:2:0       0
00250( P )      500    13    25  39.2375  42.5270  42.6762  4:2:0       0
00249( b )      498    14    23  39.5916  42.5843  42.9548  4:2:0       0
00252( P )      504    14    21  40.9825  42.9535  43.4515  4:2:0       0
00251( b )      502    15    24  39.9555  42.7527  43.1729  4:2:0       0
00254( P )      508    15    21  41.0894  43.0033  43.4494  4:2:0       0
00253( b )      506     0    23  40.6212  42.8625  43.4356  4:2:0       0
00256( P )      512     0    20  41.8135  43.4030  43.8147  4:2:0       1
00255( b )      510     1    24  39.7797  43.0567  43.3562  4:2:0       0
00258( P )      516     1    24  40.0134  42.7380  42.9541  4:2:0       0
00257( b )      514     2    22  40.3277  42.8473  43.1347  4:2:0       0
00260( P )      520     2    20  41.9882  43.4852  43.8964  4:2:0       0
00259( b )      518     3    22  40.4084  43.0331  43.3823  4:2:0       0
00262( P )      524     3    22  41.0242  43.0890  43.4178  4:2:0       0
00261( b )      522     4    22  40.6345  43.0177  43.5621  4:2:0       0
00264( P )      528     4    21  41.3184  43.1285  43.5765  4:2:0       0
00263( b )      526     5    22  40.6530  43.0327  43.4426  4:2:0       0
00266( P )      532     5    20  41.9397  43.6294  43.9518  4:2:0       0
00265( b )      530     6    22  41.2455  43.4032  43.8368  4:2:0       0
00268( P )      536     6    20  42.1152  43.6597  44.0549  4:2:0       0
00267( b )      534     7    22  41.6175  43.5806  43.9280  4:2:0       0
00270( P )      540     7    21  41.4154  43.2963  43.6628  4:2:0       0
00269( b )      538     8    22  41.6251  43.3945  43.7652  4:2:0       0
00272( P )      544     8    20  42.1337  43.5430  44.0670  4:2:0       0
00271( b )      542     9    22  41.5248  43.4789  43.9049  4:2:0       0
00274( P )      548     9    20  42.2075  43.6185  44.0140  4:2:0       0
00273( b )      546    10    22  41.9539  43.5614  43.9288  4:2:0       0
00276( P )      552    10    20  42.1799  43.7485  43.9670  4:2:0       0
00275( b )      550    11    21  42.1696  43.6185  43.9865  4:2:0       0
00278( P )      556    11    20  42.2182  43.7062  43.9187  4:2:0       0
00277( b )      554    12    22  42.3993  43.7245  43.8910  4:2:0       0
00280( P )      560    12    20  42.2350  43.6658  44.0151  4:2:0       0
00279( b )      558    13    22  41.6940  43.5839  43.8745  4:2:0       0
00282( P )      564    13    20  42.2188  43.8045  44.1031  4:2:0       0
00281( b )      562    14    21  41.9781  43.6960  43.9852  4:2:0       0
00284( P )      568    14    19  42.7860  44.1208  44.5254  4:2:0       0
00283( b )      566    15    22  41.4219  43.7303  44.0772  4:2:0       0
00286( P )      572    15    22  41.2179  43.3495  43.6338  4:2:0       0
00285( b )      570     0    21  41.2318  43.6379  43.8786  4:2:0       0
00288( P )      576     0    21  41.7671  43.4956  43.8578  4:2:0       0
00287( b )      574     1    22  40.7567  43.2826  43.6631  4:2:0       0
00290( P )      580     1    21  41.7471  43.4000  43.7919  4:2:0       0
00289( b )      578     2    21  41.2456  43.3653  43.7325  4:2:0       0
00292( P )      584     2    21  41.7857  43.6714  44.3163  4:2:0       0
00291( b )      582     3    21  41.4323  43.5609  44.0098  4:2:0       0
00294( P )      588     3    20  42.2509  43.8226  44.2005  4:2:0       1
00293( b )      586     4    21  41.4525  43.7485  44.1566  4:2:0       1
00296( P )      592     4    21  41.7073  43.4909  43.8411  4:2:0       0
00295( b )      590     5    21  41.7370  43.5416  43.9981  4:2:0       0
00298( P )      596     5    21  41.6719  43.5119  43.6348  4:2:0       0
00297( b )      594     6    21  41.6285  43.5268  43.6680  4:2:0       0
00299( P )      598     6    21  41.5983  43.4895  43.6221  4:2:0       0
Setting Default Parameters...
Parsing Configfile decoder.cfg
...............
Parsing Configfile decoder.cfg...............

----------------------------- JM 19.0 (FRExt) -----------------------------
--------------------------------------------------------------------------
 Input H.264 bitstream                  : test.264 
 Output decoded YUV                     : test_dec.yuv 
 Input reference file                   : /home/gx2001/Desktop/Polymesa_ask3/foreman_qcif.yuv 
--------------------------------------------------------------------------
Profile IDC  : 100
Image Format : 176x144 (176x144)
Color Format : 4:2:0 (8:8:8)
--------------------------------------------------------------------------
POC must = frame# or field# for SNRs to be correct
--------------------------------------------------------------------------
  Frame          POC  Pic#   QP    SnrY     SnrU     SnrV   Y:U:V Time(ms)
--------------------------------------------------------------------------
00000(IDR)        0     0    25  39.8012  43.1209  44.6460  4:2:0       6
00002( P )        4     1    25  39.4197  43.0094  44.4253  4:2:0       4
00001( b )        2     2    23  40.1080  43.1935  45.0952  4:2:0       2
00004( P )        8     2    24  39.6745  43.0642  44.4200  4:2:0       3
00003( b )        6     3    27  39.0598  42.9473  44.4779  4:2:0       1
00006( P )       12     3    28  38.1618  42.5003  43.2920  4:2:0       2
00005( b )       10     4    22  40.5927  43.6027  45.3290  4:2:0       3
00008( P )       16     4    24  39.7583  42.7431  44.3664  4:2:0       4
00007( b )       14     5    25  39.2547  42.7247  44.3394  4:2:0       2
00010( P )       20     5    26  38.9564  42.3613  44.0037  4:2:0       2
00009( b )       18     6    25  39.4055  42.5355  44.5248  4:2:0       1
00012( P )       24     6    25  39.4440  42.5654  44.4935  4:2:0       2
00011( b )       22     7    25  39.2602  42.5571  44.5479  4:2:0       1
00014( P )       28     7    26  38.6067  42.1246  43.7788  4:2:0       2
00013( b )       26     8    25  38.9609  42.3777  44.2706  4:2:0       1
00016( P )       32     8    26  38.6876  41.9907  43.7562  4:2:0       1
00015( b )       30     9    26  38.6762  42.0955  43.7891  4:2:0       1
00018( P )       36     9    26  38.6052  42.0742  43.9984  4:2:0       1
00017( b )       34    10    25  38.7956  42.1567  44.0418  4:2:0       1
00020( P )       40    10    25  39.2253  42.3049  44.2361  4:2:0       1
00019( b )       38    11    24  39.2886  42.3846  44.2924  4:2:0       1
00022( P )       44    11    25  39.3664  42.2913  44.1355  4:2:0       1
00021( b )       42    12    24  39.3749  42.4980  44.2172  4:2:0       1
00024( P )       48    12    25  39.4444  42.4523  44.0788  4:2:0       1
00023( b )       46    13    24  39.6228  42.4522  44.1607  4:2:0       0
00026( P )       52    13    25  39.4307  42.5189  44.2016  4:2:0       1
00025( b )       50    14    24  39.5419  42.5443  44.4034  4:2:0       0
00028( P )       56    14    24  39.7017  42.7708  44.3991  4:2:0       0
00027( b )       54    15    22  40.4336  43.2502  45.3172  4:2:0       0
00030( P )       60    15    23  40.2071  43.1668  44.8906  4:2:0       1
00029( b )       58     0    22  40.5718  43.3958  45.0680  4:2:0       0
00032( P )       64     0    24  40.0645  42.9796  44.5877  4:2:0       1
00031( b )       62     1    24  39.8941  42.9761  44.5045  4:2:0       0
00034( P )       68     1    24  40.1064  42.9224  44.6762  4:2:0       1
00033( b )       66     2    24  39.9753  42.8572  44.5425  4:2:0       0
00036( P )       72     2    24  40.1500  43.1215  44.5656  4:2:0       1
00035( b )       70     3    24  39.9604  42.8766  44.5004  4:2:0       0
00038( P )       76     3    25  39.8019  42.8838  44.1536  4:2:0       1
00037( b )       74     4    24  39.6915  43.0463  44.3967  4:2:0       1
00040( P )       80     4    24  40.1869  43.0137  44.3254  4:2:0       1
00039( b )       78     5    23  40.0288  43.0073  44.2935  4:2:0       0
00042( P )       84     5    24  40.2513  43.2286  44.4334  4:2:0       0
00041( b )       82     6    23  40.2119  43.2618  44.5777  4:2:0       0
00044( P )       88     6    24  40.3216  43.2519  44.5901  4:2:0       0
00043( b )       86     7    22  40.7692  43.5746  44.9518  4:2:0       1
00046( P )       92     7    24  40.3920  43.1045  44.5470  4:2:0       1
00045( b )       90     8    23  40.3152  43.2741  44.5680  4:2:0       0
00048( P )       96     8    24  40.2621  42.8652  44.4107  4:2:0       0
00047( b )       94     9    24  40.1742  42.9390  44.3598  4:2:0       0
00050( P )      100     9    25  39.8185  42.4973  44.1303  4:2:0       0
00049( b )       98    10    25  39.6675  42.5749  44.1042  4:2:0       0
00052( P )      104    10    26  39.2465  42.1265  43.9434  4:2:0       0
00051( b )      102    11    23  39.9506  42.7188  44.5004  4:2:0       0
00054( P )      108    11    24  39.7421  42.3178  44.2876  4:2:0       0
00053( b )      106    12    25  39.5371  42.2132  44.2848  4:2:0       0
00056( P )      112    12    26  38.9141  41.9250  43.6173  4:2:0       0
00055( b )      110    13    24  39.5589  42.3324  44.1175  4:2:0       0
00058( P )      116    13    25  39.5476  42.3726  44.1908  4:2:0       0
00057( b )      114    14    24  39.5470  42.2850  44.0980  4:2:0       0
00060( P )      120    14    25  39.7199  42.4887  44.0629  4:2:0       0
00059( b )      118    15    24  39.7178  42.4305  44.1023  4:2:0       1
00062( P )      124    15    24  40.1637  42.6206  44.3569  4:2:0       1
00061( b )      122     0    24  39.6072  42.5321  44.0842  4:2:0       0
00064( P )      128     0    25  39.8256  42.6696  44.0858  4:2:0       0
00063( b )      126     1    24  39.9810  42.5713  44.1314  4:2:0       0
00066( P )      132     1    25  39.7748  42.6100  43.8315  4:2:0       0
00065( b )      130     2    24  39.7994  42.6907  43.9319  4:2:0       0
00068( P )      136     2    25  39.7729  42.4666  43.7775  4:2:0       0
00067( b )      134     3    24  39.7938  42.6383  43.9267  4:2:0       0
00070( P )      140     3    25  39.8553  42.5196  43.7703  4:2:0       0
00069( b )      138     4    24  39.8240  42.5415  43.7134  4:2:0       0
00072( P )      144     4    25  39.9215  42.6071  43.9539  4:2:0       0
00071( b )      142     5    24  39.8694  42.8270  44.1759  4:2:0       0
00074( P )      148     5    25  40.0251  42.6368  44.1660  4:2:0       0
00073( b )      146     6    24  40.0647  42.8400  44.3988  4:2:0       0
00076( P )      152     6    25  40.1024  42.4930  44.0694  4:2:0       0
00075( b )      150     7    24  40.0149  42.5845  44.3880  4:2:0       0
00078( P )      156     7    25  39.9834  42.4866  43.7680  4:2:0       0
00077( b )      154     8    25  39.6320  42.4657  43.7198  4:2:0       0
00080( P )      160     8    25  39.7556  42.2453  43.6682  4:2:0       0
00079( b )      158     9    25  39.4667  42.2635  43.5126  4:2:0       0
00082( P )      164     9    26  38.9740  41.6701  43.0386  4:2:0       0
00081( b )      162    10    25  39.2007  42.0446  43.3370  4:2:0       0
00084( P )      168    10    26  38.5660  41.6987  42.8117  4:2:0       0
00083( b )      166    11    26  38.7336  41.8461  43.2419  4:2:0       0
00086( P )      172    11    27  37.9015  41.1981  42.3018  4:2:0       0
00085( b )      170    12    26  38.2042  41.5632  42.8153  4:2:0       0
00088( P )      176    12    26  38.6686  41.6170  42.9061  4:2:0       0
00087( b )      174    13    26  38.1601  41.2940  42.5833  4:2:0       0
00090( P )      180    13    27  38.3016  41.7640  43.0821  4:2:0       1
00089( b )      178    14    25  38.7324  41.8508  43.0763  4:2:0       0
00092( P )      184    14    26  38.9348  42.0847  43.2562  4:2:0       0
00091( b )      182    15    26  38.5597  41.8337  43.4815  4:2:0       0
00094( P )      188    15    27  38.2585  41.7320  43.0143  4:2:0       1
00093( b )      186     0    26  38.6289  41.8912  43.2736  4:2:0       0
00096( P )      192     0    28  37.7215  41.6101  42.5561  4:2:0       0
00095( b )      190     1    25  38.8734  42.2829  43.5513  4:2:0       0
00098( P )      196     1    26  38.8314  42.0518  43.3033  4:2:0       0
00097( b )      194     2    25  38.8983  42.1657  43.6093  4:2:0       0
00100( P )      200     2    25  39.5170  42.3036  43.9513  4:2:0       0
00099( b )      198     3    24  39.4300  42.5797  43.9641  4:2:0       0
00102( P )      204     3    24  40.1837  42.5969  44.1413  4:2:0       0
00101( b )      202     4    23  40.0559  42.7170  44.1105  4:2:0       0
00104( P )      208     4    24  40.4008  42.6626  44.0950  4:2:0       0
00103( b )      206     5    22  40.7495  43.2235  44.5156  4:2:0       0
00106( P )      212     5    22  41.1633  43.5631  45.1726  4:2:0       0
00105( b )      210     6    22  40.9175  43.5273  45.0599  4:2:0       0
00108( P )      216     6    23  40.7822  43.3715  44.8053  4:2:0       0
00107( b )      214     7    19  42.8938  44.8572  46.5400  4:2:0       1
00110( P )      220     7    20  42.4390  44.5416  46.0426  4:2:0       1
00109( b )      218     8    23  41.3393  44.1151  45.5292  4:2:0       0
00112( P )      224     8    24  41.1000  43.8455  45.1931  4:2:0       0
00111( b )      222     9    21  41.8234  44.1075  45.6930  4:2:0       0
00114( P )      228     9    22  41.7790  44.1886  45.6082  4:2:0       0
00113( b )      226    10    22  41.5846  43.9965  45.4704  4:2:0       0
00116( P )      232    10    23  41.1773  43.8711  45.2032  4:2:0       0
00115( b )      230    11    21  41.7118  44.3049  45.7024  4:2:0       1
00118( P )      236    11    22  41.6665  44.1243  45.8159  4:2:0       0
00117( b )      234    12    22  41.5735  44.0000  45.5194  4:2:0       0
00120( P )      240    12    22  41.6692  44.1811  45.6166  4:2:0       1
00119( b )      238    13    22  41.4734  44.1126  45.7161  4:2:0       0
00122( P )      244    13    20  42.6978  44.7404  46.2741  4:2:0       1
00121( b )      242    14    24  41.5514  44.3649  45.8349  4:2:0       0
00124( P )      248    14    24  41.1289  43.6707  45.0949  4:2:0       0
00123( b )      246    15    22  41.5358  44.0780  45.6001  4:2:0       0
00126( P )      252    15    22  41.5706  43.8734  45.1082  4:2:0       1
00125( b )      250     0    24  40.8700  43.7201  45.0182  4:2:0       0
00128( P )      256     0    25  40.1222  43.1107  44.1238  4:2:0       0
00127( b )      254     1    24  40.4227  43.3189  44.5762  4:2:0       0
00130( P )      260     1    25  39.9199  42.6438  43.7947  4:2:0       0
00129( b )      258     2    25  40.0796  42.9504  44.0756  4:2:0       0
00132( P )      264     2    27  38.7440  42.0116  43.0714  4:2:0       0
00131( b )      262     3    24  39.8261  42.5956  43.6879  4:2:0       0
00134( P )      268     3    24  40.0832  42.5763  44.0335  4:2:0       0
00133( b )      266     4    24  39.9311  42.6296  43.9098  4:2:0       0
00136( P )      272     4    25  39.9440  42.4614  44.0127  4:2:0       0
00135( b )      270     5    23  40.2067  42.6455  44.4652  4:2:0       0
00138( P )      276     5    24  40.1225  42.7166  44.4183  4:2:0       0
00137( b )      274     6    26  39.0727  42.3094  43.8982  4:2:0       0
00140( P )      280     6    28  37.9881  42.1415  43.1295  4:2:0       0
00139( b )      278     7    26  38.7372  42.2274  43.7005  4:2:0       0
00142( P )      284     7    28  37.8349  41.9939  43.1222  4:2:0       0
00141( b )      282     8    28  37.5418  41.9568  43.2162  4:2:0       0
00144( P )      288     8    29  37.5944  42.3086  43.0531  4:2:0       0
00143( b )      286     9    25  39.0374  42.7902  44.2269  4:2:0       0
00146( P )      292     9    26  39.3986  42.6173  43.9083  4:2:0       0
00145( b )      290    10    26  39.0184  42.6385  44.0718  4:2:0       0
00148( P )      296    10    27  38.8562  42.7058  43.6423  4:2:0       0
00147( b )      294    11    25  39.7647  42.9519  44.2763  4:2:0       0
00150( P )      300    11    26  39.4559  42.5761  43.7775  4:2:0       0
00149( b )      298    12    25  39.5663  42.8778  44.0204  4:2:0       0
00152( P )      304    12    26  39.5870  42.7528  43.7848  4:2:0       0
00151( b )      302    13    26  39.2815  42.5351  43.9372  4:2:0       0
00154( P )      308    13    27  38.2928  42.0441  42.3329  4:2:0       0
00153( b )      306    14    28  38.0389  42.2543  42.7800  4:2:0       0
00156( P )      312    14    29  37.0869  41.8773  41.5166  4:2:0       0
00155( b )      310    15    28  37.5631  42.0311  42.0468  4:2:0       0
00158( P )      316    15    29  36.9648  40.8724  42.0948  4:2:0       0
00157( b )      314     0    27  37.7681  41.9463  42.7628  4:2:0       0
00160( P )      320     0    27  38.1137  41.4029  42.7922  4:2:0       0
00159( b )      318     1    26  38.1860  41.5987  42.8165  4:2:0       0
00162( P )      324     1    27  38.4412  41.3518  42.6811  4:2:0       0
00161( b )      322     2    26  38.4391  41.6624  43.1075  4:2:0       0
00164( P )      328     2    26  38.9535  41.9308  43.0808  4:2:0       0
00163( b )      326     3    25  39.0043  42.0471  43.1282  4:2:0       0
00166( P )      332     3    26  39.1570  41.8811  43.1659  4:2:0       0
00165( b )      330     4    24  39.4520  42.4629  43.5154  4:2:0       0
00168( P )      336     4    25  39.9813  42.1458  43.6786  4:2:0       1
00167( b )      334     5    25  39.6344  41.9992  43.6533  4:2:0       0
00170( P )      340     5    26  39.2043  42.1051  42.8201  4:2:0       0
00169( b )      338     6    26  39.1826  41.9006  43.2260  4:2:0       0
00172( P )      344     6    27  38.3354  41.3922  42.1157  4:2:0       0
00171( b )      342     7    28  38.0399  41.7648  42.4079  4:2:0       0
00174( P )      348     7    30  36.0475  40.0209  40.7162  4:2:0       0
00173( b )      346     8    28  37.4948  40.6071  41.6707  4:2:0       0
00176( P )      352     8    30  35.9882  39.2188  39.7894  4:2:0       0
00175( b )      350     9    28  36.7785  39.8027  40.4833  4:2:0       0
00178( P )      356     9    30  35.8762  38.7899  39.3161  4:2:0       0
00177( b )      354    10    28  36.9145  39.6087  40.0075  4:2:0       0
00180( P )      360    10    30  36.0942  38.6232  39.1379  4:2:0       0
00179( b )      358    11    28  36.8729  39.1686  39.7260  4:2:0       0
00182( P )      364    11    30  36.2198  38.6910  39.3313  4:2:0       0
00181( b )      362    12    28  36.9745  38.8874  39.5634  4:2:0       0
00184( P )      368    12    30  36.2369  38.9432  39.5934  4:2:0       1
00183( b )      366    13    30  36.2253  38.6344  39.4681  4:2:0       0
00186( P )      372    13    31  35.8330  38.7907  39.5903  4:2:0       1
00185( b )      370    14    28  37.5046  39.1191  39.6757  4:2:0       0
00188( P )      376    14    30  37.0005  39.2673  39.9537  4:2:0       1
00187( b )      374    15    28  37.8624  39.7057  40.1702  4:2:0       1
00190( P )      380    15    30  37.1901  38.9537  39.4180  4:2:0       1
00189( b )      378     0    27  38.4463  39.8350  40.3448  4:2:0       0
00192( P )      384     0    29  37.2176  39.0033  39.8066  4:2:0       0
00191( b )      382     1    29  37.2615  39.2708  39.9270  4:2:0       0
00194( P )      388     1    30  36.4378  38.7573  39.3923  4:2:0       0
00193( b )      386     2    28  37.7550  39.3206  40.0640  4:2:0       0
00196( P )      392     2    30  35.9871  38.8117  39.2736  4:2:0       0
00195( b )      390     3    29  36.3782  39.0147  39.4205  4:2:0       0
00198( P )      396     3    30  36.7454  39.5753  40.0491  4:2:0       1
00197( b )      394     4    28  37.0477  39.5608  40.1798  4:2:0       0
00200( P )      400     4    30  37.2829  40.2302  40.8919  4:2:0       0
00199( b )      398     5    28  37.6491  40.3237  41.0313  4:2:0       0
00202( P )      404     5    28  37.8909  41.7959  42.1751  4:2:0       0
00201( b )      402     6    28  38.0786  41.7462  41.9281  4:2:0       0
00204( P )      408     6    29  37.5534  42.0134  42.5979  4:2:0       0
00203( b )      406     7    28  38.0040  42.5102  43.1097  4:2:0       0
00206( P )      412     7    28  37.8517  41.9917  42.7666  4:2:0       0
00205( b )      410     8    27  38.0924  42.5763  43.3564  4:2:0       0
00208( P )      416     8    28  37.9115  41.9147  42.8590  4:2:0       0
00207( b )      414     9    30  37.5906  42.3976  43.1051  4:2:0       0
00210( P )      420     9    31  35.8390  41.0904  41.6590  4:2:0       0
00209( b )      418    10    26  37.8765  42.3845  42.4814  4:2:0       0
00212( P )      424    10    27  37.1070  41.5962  42.2310  4:2:0       0
00211( b )      422    11    28  37.2497  41.9326  42.5797  4:2:0       0
00214( P )      428    11    29  36.2787  40.8600  41.4981  4:2:0       0
00213( b )      426    12    28  36.6980  41.2523  41.9057  4:2:0       0
00216( P )      432    12    29  35.6690  40.2471  40.6765  4:2:0       0
00215( b )      430    13    28  36.1738  40.7419  41.4665  4:2:0       0
00218( P )      436    13    28  35.4567  40.2381  40.5554  4:2:0       0
00217( b )      434    14    27  36.0743  40.6053  41.0018  4:2:0       0
00220( P )      440    14    28  35.4640  40.0938  40.4038  4:2:0       0
00219( b )      438    15    27  35.7884  40.3105  40.6925  4:2:0       0
00222( P )      444    15    28  35.6252  40.0862  40.3947  4:2:0       0
00221( b )      442     0    27  35.7526  40.1684  40.3624  4:2:0       0
00224( P )      448     0    26  37.2555  40.7779  40.9664  4:2:0       1
00223( b )      446     1    27  36.3860  40.4077  40.5844  4:2:0       0
00226( P )      452     1    28  36.5972  40.4524  40.6706  4:2:0       0
00225( b )      450     2    25  37.6898  40.9363  41.1867  4:2:0       1
00228( P )      456     2    24  38.6813  41.3151  41.6610  4:2:0       1
00227( b )      454     3    27  37.5096  40.9736  41.1608  4:2:0       0
00230( P )      460     3    28  36.7792  40.8711  41.1667  4:2:0       0
00229( b )      458     4    26  37.1886  40.9658  41.1145  4:2:0       0
00232( P )      464     4    24  38.7092  41.5534  41.7926  4:2:0       0
00231( b )      462     5    26  37.3378  41.4446  41.5257  4:2:0       0
00234( P )      468     5    24  39.0113  41.7322  41.7980  4:2:0       0
00233( b )      466     6    25  38.0628  41.5791  41.7091  4:2:0       0
00236( P )      472     6    22  40.2928  42.3995  42.7149  4:2:0       1
00235( b )      470     7    25  38.9023  41.8542  42.2273  4:2:0       0
00238( P )      476     7    25  38.8966  41.8012  42.0153  4:2:0       0
00237( b )      474     8    24  39.2459  41.9086  42.2044  4:2:0       0
00240( P )      480     8    22  40.2866  42.4984  42.7530  4:2:0       0
00239( b )      478     9    25  38.9684  41.7552  42.0051  4:2:0       0
00242( P )      484     9    24  39.2723  41.9845  42.3383  4:2:0       0
00241( b )      482    10    24  39.0713  41.8090  41.9121  4:2:0       0
00244( P )      488    10    22  40.3662  42.4980  42.8846  4:2:0       0
00243( b )      486    11    25  39.3044  41.7026  42.2292  4:2:0       0
00246( P )      492    11    24  39.4071  41.9524  42.4368  4:2:0       0
00245( b )      490    12    24  38.9797  41.8548  42.2454  4:2:0       0
00248( P )      496    12    21  40.7472  42.8799  43.3493  4:2:0       1
00247( b )      494    13    25  39.2477  42.2431  42.6595  4:2:0       0
00250( P )      500    13    25  39.2375  42.5270  42.6762  4:2:0       0
00249( b )      498    14    23  39.5916  42.5843  42.9548  4:2:0       0
00252( P )      504    14    21  40.9825  42.9535  43.4515  4:2:0       0
00251( b )      502    15    24  39.9555  42.7527  43.1729  4:2:0       0
00254( P )      508    15    21  41.0894  43.0033  43.4494  4:2:0       0
00253( b )      506     0    23  40.6212  42.8625  43.4356  4:2:0       0
00256( P )      512     0    20  41.8135  43.4030  43.8147  4:2:0       1
00255( b )      510     1    24  39.7797  43.0567  43.3562  4:2:0       0
00258( P )      516     1    24  40.0134  42.7380  42.9541  4:2:0       0
00257( b )      514     2    22  40.3277  42.8473  43.1347  4:2:0       0
00260( P )      520     2    20  41.9882  43.4852  43.8964  4:2:0       1
00259( b )      518     3    22  40.4084  43.0331  43.3823  4:2:0       0
00262( P )      524     3    22  41.0242  43.0890  43.4178  4:2:0       0
00261( b )      522     4    22  40.6345  43.0177  43.5621  4:2:0       0
00264( P )      528     4    21  41.3184  43.1285  43.5765  4:2:0       0
00263( b )      526     5    22  40.6530  43.0327  43.4426  4:2:0       0
00266( P )      532     5    20  41.9397  43.6294  43.9518  4:2:0       0
00265( b )      530     6    22  41.2455  43.4032  43.8368  4:2:0       0
00268( P )      536     6    20  42.1152  43.6597  44.0549  4:2:0       0
00267( b )      534     7    22  41.6175  43.5806  43.9280  4:2:0       0
00270( P )      540     7    21  41.4154  43.2963  43.6628  4:2:0       0
00269( b )      538     8    22  41.6251  43.3945  43.7652  4:2:0       0
00272( P )      544     8    20  42.1337  43.5430  44.0670  4:2:0       0
00271( b )      542     9    22  41.5248  43.4789  43.9049  4:2:0       0
00274( P )      548     9    20  42.2075  43.6185  44.0140  4:2:0       0
00273( b )      546    10    22  41.9539  43.5614  43.9288  4:2:0       0
00276( P )      552    10    20  42.1799  43.7485  43.9670  4:2:0       0
00275( b )      550    11    21  42.1696  43.6185  43.9865  4:2:0       0
00278( P )      556    11    20  42.2182  43.7062  43.9187  4:2:0       0
00277( b )      554    12    22  42.3993  43.7245  43.8910  4:2:0       0
00280( P )      560    12    20  42.2350  43.6658  44.0151  4:2:0       1
00279( b )      558    13    22  41.6940  43.5839  43.8745  4:2:0       0
00282( P )      564    13    20  42.2188  43.8045  44.1031  4:2:0       0
00281( b )      562    14    21  41.9781  43.6960  43.9852  4:2:0       0
00284( P )      568    14    19  42.7860  44.1208  44.5254  4:2:0       1
00283( b )      566    15    22  41.4219  43.7303  44.0772  4:2:0       0
00286( P )      572    15    22  41.2179  43.3495  43.6338  4:2:0       0
00285( b )      570     0    21  41.2318  43.6379  43.8786  4:2:0       0
00288( P )      576     0    21  41.7671  43.4956  43.8578  4:2:0       0
00287( b )      574     1    22  40.7567  43.2826  43.6631  4:2:0       0
00290( P )      580     1    21  41.7471  43.4000  43.7919  4:2:0       0
00289( b )      578     2    21  41.2456  43.3653  43.7325  4:2:0       0
00292( P )      584     2    21  41.7857  43.6714  44.3163  4:2:0       0
00291( b )      582     3    21  41.4323  43.5609  44.0098  4:2:0       0
00294( P )      588     3    20  42.2509  43.8226  44.2005  4:2:0       0
00293( b )      586     4    21  41.4525  43.7485  44.1566  4:2:0       0
00296( P )      592     4    21  41.7073  43.4909  43.8411  4:2:0       0
00295( b )      590     5    21  41.7370  43.5416  43.9981  4:2:0       0
00298( P )      596     5    21  41.6719  43.5119  43.6348  4:2:0       0
00297( b )      594     6    21  41.6285  43.5268  43.6680  4:2:0       0
00299( P )      598     6    21  41.5983  43.4895  43.6221  4:2:0       0
